[[0.19 0.29 0.52]
 [0.16 0.25 0.59]
 [0.31 0.25 0.44]
 ...
 [0.16 0.18 0.66]
 [0.31 0.34 0.35]
 [0.14 0.22 0.64]],[4 4 4 4 4 4 4 4 4 4 4 4 4 4 4 4 4 4 4 4 4 4 4 4 4 4 4 4 4 4 4 4 4 4 4 4 4
 4 4 4 4 4 4 4 4 4 4 4 4 4 4 4 4 4 4 4 4 4 4 4 4 4 4 4 4 4 4 4 4 4 4 4 4 4
 4 4 4 4 4 4 4 4 4 4 4 4 4 4 4 4 4 4 4 4 4 4 4 4 4 4 4 4 4 4 4 4 4 4 4 4 4
 4 4 4 4 4 4 4 4 4 4 9 9 9 9 9 9 9 9 9 9 9 9 9 9 9 9 9 9 9 9 9 9 9 9 9 9 9
 9 9 9 9 9 9 9 9 9 9 9 9 9 9 9 9 9 9 9 9 9 9 9 9 9 9 9 9 9 9 9 9 9 9 9 9 9
 9 9 9 9 9 9 9 9 6 6 6 6 6 6 6 6 6 6 6 6 6 6 6 6 6 6 6 6 6 6 6 6 6 6 6 6 6
 6 6 6 6 6 6 6 6 6 6 6 6 6 6 6 6 6 6 6 6 6 6 6 6 6 6 6 6 6 6 6 6 6 6 6 6 6
 6 6 6 6 6 6 6 6 6 6 6 6 6 6 6 6 6 6 6 6 6 6 6 6 6 6 6 6 6 6 6 6 6 6 6 6 6
 6 6 6 6 6 6 6 6 6 6 6 6 6 6 6 6 6 6 6 6 6 6 6 6 6 6 6 6 6 6 6 6 6 6 6 6 6
 6 6 6 6 6 6 6 6 6 6 6 6 6 6 6 6 6 6 6 6 6 6 6 6 6 6 6 6 6 6 6 6 6 6 6 6 6]
[[0.34 0.49 0.17]
 [0.32 0.57 0.11]
 [0.32 0.42 0.26]
 ...
 [0.16 0.56 0.28]
 [0.51 0.25 0.24]
 [0.15 0.71 0.14]],[4 4 4 4 4 4 4 4 4 4 4 4 4 4 4 4 4 4 4 4 4 4 4 4 4 4 4 4 4 4 4 4 4 4 4 4 4
 4 4 4 4 4 4 4 4 4 4 4 4 4 4 4 4 4 4 4 4 4 4 4 4 4 4 4 4 4 4 4 4 4 4 4 4 4
 4 4 4 4 4 4 4 4 4 4 4 4 4 4 4 4 4 4 4 4 4 4 4 4 4 4 4 4 4 4 4 4 4 4 4 4 4
 4 4 4 4 4 4 4 4 4 4 9 9 9 9 9 9 9 9 9 9 9 9 9 9 9 9 9 9 9 9 9 9 9 9 9 9 9
 9 9 9 9 9 9 9 9 9 9 9 9 9 9 9 9 9 9 9 9 9 9 9 9 9 9 9 9 9 9 9 9 9 9 9 9 9
 9 9 9 9 9 9 9 9 6 6 6 6 6 6 6 6 6 6 6 6 6 6 6 6 6 6 6 6 6 6 6 6 6 6 6 6 6
 6 6 6 6 6 6 6 6 6 6 6 6 6 6 6 6 6 6 6 6 6 6 6 6 6 6 6 6 6 6 6 6 6 6 6 6 6
 6 6 6 6 6 6 6 6 6 6 6 6 6 6 6 6 6 6 6 6 6 6 6 6 6 6 6 6 6 6 6 6 6 6 6 6 6
 6 6 6 6 6 6 6 6 6 6 6 6 6 6 6 6 6 6 6 6 6 6 6 6 6 6 6 6 6 6 6 6 6 6 6 6 6
 6 6 6 6 6 6 6 6 6 6 6 6 6 6 6 6 6 6 6 6 6 6 6 6 6 6 6 6 6 6 6 6 6 6 6 6 6]
[[0.32 0.55 0.13]
 [0.31 0.61 0.08]
 [0.49 0.1  0.41]
 ...
 [0.15 0.62 0.23]
 [0.53 0.1  0.37]
 [0.05 0.93 0.02]],[4 4 4 4 4 4 4 4 4 4 4 4 4 4 4 4 4 4 4 4 4 4 4 4 4 4 4 4 4 4 4 4 4 4 4 4 4
 4 4 4 4 4 4 4 4 4 4 4 4 4 4 4 4 4 4 4 4 4 4 4 4 4 4 4 4 4 4 4 4 4 4 4 4 4
 4 4 4 4 4 4 4 4 4 4 4 4 4 4 4 4 4 4 4 4 4 4 4 4 4 4 4 4 4 4 4 4 4 4 4 4 4
 4 4 4 4 4 4 4 4 4 4 9 9 9 9 9 9 9 9 9 9 9 9 9 9 9 9 9 9 9 9 9 9 9 9 9 9 9
 9 9 9 9 9 9 9 9 9 9 9 9 9 9 9 9 9 9 9 9 9 9 9 9 9 9 9 9 9 9 9 9 9 9 9 9 9
 9 9 9 9 9 9 9 9 6 6 6 6 6 6 6 6 6 6 6 6 6 6 6 6 6 6 6 6 6 6 6 6 6 6 6 6 6
 6 6 6 6 6 6 6 6 6 6 6 6 6 6 6 6 6 6 6 6 6 6 6 6 6 6 6 6 6 6 6 6 6 6 6 6 6
 6 6 6 6 6 6 6 6 6 6 6 6 6 6 6 6 6 6 6 6 6 6 6 6 6 6 6 6 6 6 6 6 6 6 6 6 6
 6 6 6 6 6 6 6 6 6 6 6 6 6 6 6 6 6 6 6 6 6 6 6 6 6 6 6 6 6 6 6 6 6 6 6 6 6
 6 6 6 6 6 6 6 6 6 6 6 6 6 6 6 6 6 6 6 6 6 6 6 6 6 6 6 6 6 6 6 6 6 6 6 6 6]
[[0.49 0.43 0.08]
 [0.19 0.79 0.02]
 [0.8  0.06 0.14]
 ...
 [0.13 0.74 0.13]
 [0.84 0.09 0.07]
 [0.05 0.94 0.01]],[4 4 4 4 4 4 4 4 4 4 4 4 4 4 4 4 4 4 4 4 4 4 4 4 4 4 4 4 4 4 4 4 4 4 4 4 4
 4 4 4 4 4 4 4 4 4 4 4 4 4 4 4 4 4 4 4 4 4 4 4 4 4 4 4 4 4 4 4 4 4 4 4 4 4
 4 4 4 4 4 4 4 4 4 4 4 4 4 4 4 4 4 4 4 4 4 4 4 4 4 4 4 4 4 4 4 4 4 4 4 4 4
 4 4 4 4 4 4 4 4 4 4 9 9 9 9 9 9 9 9 9 9 9 9 9 9 9 9 9 9 9 9 9 9 9 9 9 9 9
 9 9 9 9 9 9 9 9 9 9 9 9 9 9 9 9 9 9 9 9 9 9 9 9 9 9 9 9 9 9 9 9 9 9 9 9 9
 9 9 9 9 9 9 9 9 6 6 6 6 6 6 6 6 6 6 6 6 6 6 6 6 6 6 6 6 6 6 6 6 6 6 6 6 6
 6 6 6 6 6 6 6 6 6 6 6 6 6 6 6 6 6 6 6 6 6 6 6 6 6 6 6 6 6 6 6 6 6 6 6 6 6
 6 6 6 6 6 6 6 6 6 6 6 6 6 6 6 6 6 6 6 6 6 6 6 6 6 6 6 6 6 6 6 6 6 6 6 6 6
 6 6 6 6 6 6 6 6 6 6 6 6 6 6 6 6 6 6 6 6 6 6 6 6 6 6 6 6 6 6 6 6 6 6 6 6 6
 6 6 6 6 6 6 6 6 6 6 6 6 6 6 6 6 6 6 6 6 6 6 6 6 6 6 6 6 6 6 6 6 6 6 6 6 6]
[[0.56955088 0.31044912 0.12      ]
 [0.16015625 0.82947223 0.01037152]
 [0.55911111 0.21888889 0.222     ]
 ...
 [0.08015625 0.82947223 0.09037152]
 [0.3475     0.6075     0.045     ]
 [0.12073969 0.8688888  0.01037152]],[4 4 4 4 4 4 4 4 4 4 4 4 4 4 4 4 4 4 4 4 4 4 4 4 4 4 4 4 4 4 4 4 4 4 4 4 4
 4 4 4 4 4 4 4 4 4 4 4 4 4 4 4 4 4 4 4 4 4 4 4 4 4 4 4 4 4 4 4 4 4 4 4 4 4
 4 4 4 4 4 4 4 4 4 4 4 4 4 4 4 4 4 4 4 4 4 4 4 4 4 4 4 4 4 4 4 4 4 4 4 4 4
 4 4 4 4 4 4 4 4 4 4 9 9 9 9 9 9 9 9 9 9 9 9 9 9 9 9 9 9 9 9 9 9 9 9 9 9 9
 9 9 9 9 9 9 9 9 9 9 9 9 9 9 9 9 9 9 9 9 9 9 9 9 9 9 9 9 9 9 9 9 9 9 9 9 9
 9 9 9 9 9 9 9 9 6 6 6 6 6 6 6 6 6 6 6 6 6 6 6 6 6 6 6 6 6 6 6 6 6 6 6 6 6
 6 6 6 6 6 6 6 6 6 6 6 6 6 6 6 6 6 6 6 6 6 6 6 6 6 6 6 6 6 6 6 6 6 6 6 6 6
 6 6 6 6 6 6 6 6 6 6 6 6 6 6 6 6 6 6 6 6 6 6 6 6 6 6 6 6 6 6 6 6 6 6 6 6 6
 6 6 6 6 6 6 6 6 6 6 6 6 6 6 6 6 6 6 6 6 6 6 6 6 6 6 6 6 6 6 6 6 6 6 6 6 6
 6 6 6 6 6 6 6 6 6 6 6 6 6 6 6 6 6 6 6 6 6 6 6 6 6 6 6 6 6 6 6 6 6 6 6 6 6]
[[0.57016949 0.33983051 0.09      ]
 [0.14151689 0.83848311 0.02      ]
 [0.52877329 0.16       0.31122671]
 ...
 [0.10172966 0.74827034 0.15      ]
 [0.30186853 0.6047619  0.09336957]
 [0.10248724 0.8658461  0.03166667]],[4 4 4 4 4 4 4 4 4 4 4 4 4 4 4 4 4 4 4 4 4 4 4 4 4 4 4 4 4 4 4 4 4 4 4 4 4
 4 4 4 4 4 4 4 4 4 4 4 4 4 4 4 4 4 4 4 4 4 4 4 4 4 4 4 4 4 4 4 4 4 4 4 4 4
 4 4 4 4 4 4 4 4 4 4 4 4 4 4 4 4 4 4 4 4 4 4 4 4 4 4 4 4 4 4 4 4 4 4 4 4 4
 4 4 4 4 4 4 4 4 4 4 9 9 9 9 9 9 9 9 9 9 9 9 9 9 9 9 9 9 9 9 9 9 9 9 9 9 9
 9 9 9 9 9 9 9 9 9 9 9 9 9 9 9 9 9 9 9 9 9 9 9 9 9 9 9 9 9 9 9 9 9 9 9 9 9
 9 9 9 9 9 9 9 9 6 6 6 6 6 6 6 6 6 6 6 6 6 6 6 6 6 6 6 6 6 6 6 6 6 6 6 6 6
 6 6 6 6 6 6 6 6 6 6 6 6 6 6 6 6 6 6 6 6 6 6 6 6 6 6 6 6 6 6 6 6 6 6 6 6 6
 6 6 6 6 6 6 6 6 6 6 6 6 6 6 6 6 6 6 6 6 6 6 6 6 6 6 6 6 6 6 6 6 6 6 6 6 6
 6 6 6 6 6 6 6 6 6 6 6 6 6 6 6 6 6 6 6 6 6 6 6 6 6 6 6 6 6 6 6 6 6 6 6 6 6
 6 6 6 6 6 6 6 6 6 6 6 6 6 6 6 6 6 6 6 6 6 6 6 6 6 6 6 6 6 6 6 6 6 6 6 6 6]
[[0.39 0.52 0.09]
 [0.34 0.59 0.07]
 [0.61 0.04 0.35]
 [0.2  0.37 0.43]
 [0.55 0.05 0.4 ]
 [0.21 0.05 0.74]
 [0.44 0.43 0.13]
 [0.21 0.06 0.73]
 [0.44 0.43 0.13]
 [0.46 0.31 0.23]
 [0.3  0.64 0.06]
 [0.3  0.57 0.13]
 [0.12 0.09 0.79]
 [0.21 0.24 0.55]
 [0.63 0.04 0.33]
 [0.29 0.58 0.13]
 [0.47 0.33 0.2 ]
 [0.2  0.33 0.47]
 [0.38 0.51 0.11]
 [0.29 0.06 0.65]
 [0.34 0.56 0.1 ]
 [0.6  0.05 0.35]
 [0.26 0.63 0.11]
 [0.33 0.57 0.1 ]
 [0.2  0.07 0.73]
 [0.58 0.04 0.38]
 [0.29 0.55 0.16]
 [0.6  0.04 0.36]
 [0.44 0.41 0.15]
 [0.16 0.21 0.63]
 [0.21 0.06 0.73]
 [0.6  0.05 0.35]
 [0.46 0.46 0.08]
 [0.45 0.49 0.06]
 [0.64 0.03 0.33]
 [0.21 0.06 0.73]
 [0.33 0.6  0.07]
 [0.41 0.51 0.08]
 [0.43 0.51 0.06]
 [0.39 0.52 0.09]
 [0.31 0.6  0.09]
 [0.6  0.03 0.37]
 [0.17 0.45 0.38]
 [0.51 0.4  0.09]
 [0.39 0.34 0.27]
 [0.36 0.57 0.07]
 [0.35 0.04 0.61]
 [0.38 0.52 0.1 ]
 [0.08 0.43 0.49]
 [0.59 0.03 0.38]
 [0.34 0.41 0.25]
 [0.47 0.43 0.1 ]
 [0.19 0.39 0.42]
 [0.29 0.63 0.08]
 [0.61 0.04 0.35]
 [0.37 0.3  0.33]
 [0.17 0.39 0.44]
 [0.29 0.59 0.12]
 [0.21 0.09 0.7 ]
 [0.24 0.22 0.54]
 [0.29 0.61 0.1 ]
 [0.22 0.13 0.65]
 [0.45 0.37 0.18]
 [0.25 0.32 0.43]
 [0.24 0.05 0.71]
 [0.4  0.48 0.12]
 [0.6  0.07 0.33]
 [0.58 0.04 0.38]
 [0.47 0.42 0.11]
 [0.17 0.06 0.77]
 [0.62 0.03 0.35]
 [0.44 0.46 0.1 ]
 [0.2  0.09 0.71]
 [0.45 0.28 0.27]
 [0.4  0.54 0.06]
 [0.22 0.05 0.73]
 [0.21 0.33 0.46]
 [0.63 0.04 0.33]
 [0.38 0.51 0.11]
 [0.44 0.49 0.07]
 [0.42 0.42 0.16]
 [0.26 0.18 0.56]
 [0.2  0.08 0.72]
 [0.33 0.57 0.1 ]
 [0.34 0.42 0.24]
 [0.48 0.33 0.19]
 [0.38 0.45 0.17]
 [0.32 0.35 0.33]
 [0.45 0.43 0.12]
 [0.36 0.31 0.33]
 [0.23 0.34 0.43]
 [0.29 0.6  0.11]
 [0.47 0.4  0.13]
 [0.29 0.58 0.13]
 [0.36 0.45 0.19]
 [0.21 0.17 0.62]
 [0.39 0.26 0.35]
 [0.21 0.07 0.72]
 [0.41 0.52 0.07]
 [0.37 0.56 0.07]
 [0.58 0.04 0.38]
 [0.45 0.41 0.14]
 [0.26 0.06 0.68]
 [0.37 0.05 0.58]
 [0.35 0.38 0.27]
 [0.31 0.26 0.43]
 [0.35 0.51 0.14]
 [0.36 0.53 0.11]
 [0.42 0.42 0.16]
 [0.35 0.59 0.06]
 [0.26 0.16 0.58]
 [0.43 0.48 0.09]
 [0.26 0.15 0.59]
 [0.6  0.04 0.36]
 [0.5  0.37 0.13]
 [0.26 0.61 0.13]
 [0.45 0.44 0.11]
 [0.18 0.27 0.55]
 [0.55 0.03 0.42]
 [0.18 0.31 0.51]
 [0.36 0.05 0.59]
 [0.26 0.09 0.65]
 [0.17 0.22 0.61]
 [0.11 0.1  0.79]
 [0.09 0.1  0.81]
 [0.18 0.35 0.47]
 [0.22 0.72 0.06]
 [0.2  0.08 0.72]
 [0.29 0.56 0.15]
 [0.06 0.22 0.72]
 [0.42 0.42 0.16]
 [0.41 0.44 0.15]
 [0.4  0.41 0.19]
 [0.34 0.51 0.15]
 [0.31 0.33 0.36]
 [0.55 0.07 0.38]
 [0.16 0.15 0.69]
 [0.13 0.12 0.75]
 [0.21 0.29 0.5 ]
 [0.25 0.47 0.28]
 [0.05 0.29 0.66]
 [0.23 0.64 0.13]
 [0.23 0.23 0.54]
 [0.24 0.05 0.71]
 [0.25 0.55 0.2 ]
 [0.16 0.1  0.74]
 [0.19 0.29 0.52]
 [0.5  0.04 0.46]
 [0.32 0.33 0.35]
 [0.18 0.67 0.15]
 [0.58 0.03 0.39]
 [0.32 0.5  0.18]
 [0.24 0.08 0.68]
 [0.16 0.26 0.58]
 [0.54 0.05 0.41]
 [0.56 0.04 0.4 ]
 [0.03 0.45 0.52]
 [0.13 0.45 0.42]
 [0.11 0.16 0.73]
 [0.43 0.41 0.16]
 [0.14 0.14 0.72]
 [0.08 0.18 0.74]
 [0.6  0.05 0.35]
 [0.3  0.58 0.12]
 [0.36 0.52 0.12]
 [0.56 0.04 0.4 ]
 [0.26 0.09 0.65]
 [0.38 0.33 0.29]
 [0.2  0.1  0.7 ]
 [0.19 0.47 0.34]
 [0.21 0.13 0.66]
 [0.18 0.13 0.69]
 [0.58 0.04 0.38]
 [0.13 0.09 0.78]
 [0.45 0.42 0.13]
 [0.09 0.09 0.82]
 [0.34 0.34 0.32]
 [0.17 0.7  0.13]
 [0.14 0.29 0.57]
 [0.19 0.08 0.73]
 [0.37 0.47 0.16]
 [0.13 0.17 0.7 ]
 [0.31 0.59 0.1 ]
 [0.52 0.06 0.42]
 [0.11 0.14 0.75]
 [0.17 0.08 0.75]
 [0.55 0.06 0.39]
 [0.34 0.52 0.14]
 [0.17 0.42 0.41]
 [0.19 0.07 0.74]
 [0.15 0.06 0.79]
 [0.4  0.45 0.15]
 [0.27 0.6  0.13]
 [0.25 0.65 0.1 ]
 [0.11 0.11 0.78]
 [0.13 0.41 0.46]
 [0.24 0.57 0.19]
 [0.33 0.55 0.12]
 [0.11 0.34 0.55]
 [0.31 0.65 0.04]
 [0.27 0.65 0.08]
 [0.31 0.51 0.18]
 [0.2  0.73 0.07]
 [0.21 0.08 0.71]
 [0.38 0.48 0.14]
 [0.18 0.08 0.74]
 [0.29 0.57 0.14]
 [0.11 0.46 0.43]
 [0.26 0.55 0.19]
 [0.07 0.42 0.51]
 [0.25 0.48 0.27]
 [0.54 0.05 0.41]
 [0.25 0.68 0.07]
 [0.2  0.7  0.1 ]
 [0.22 0.62 0.16]
 [0.12 0.23 0.65]
 [0.17 0.33 0.5 ]
 [0.4  0.43 0.17]
 [0.22 0.71 0.07]
 [0.38 0.47 0.15]
 [0.36 0.45 0.19]
 [0.32 0.58 0.1 ]
 [0.3  0.49 0.21]
 [0.31 0.61 0.08]
 [0.25 0.06 0.69]
 [0.4  0.23 0.37]
 [0.34 0.45 0.21]
 [0.1  0.34 0.56]
 [0.55 0.04 0.41]
 [0.11 0.54 0.35]
 [0.45 0.42 0.13]
 [0.15 0.1  0.75]
 [0.41 0.46 0.13]
 [0.32 0.57 0.11]
 [0.24 0.61 0.15]
 [0.2  0.1  0.7 ]
 [0.1  0.13 0.77]
 [0.23 0.62 0.15]
 [0.24 0.71 0.05]
 [0.27 0.66 0.07]
 [0.22 0.69 0.09]
 [0.31 0.54 0.15]
 [0.21 0.06 0.73]
 [0.39 0.44 0.17]
 [0.22 0.64 0.14]
 [0.26 0.06 0.68]
 [0.17 0.78 0.05]
 [0.18 0.77 0.05]
 [0.06 0.58 0.36]
 [0.26 0.49 0.25]
 [0.5  0.05 0.45]
 [0.16 0.26 0.58]
 [0.17 0.15 0.68]
 [0.24 0.64 0.12]
 [0.27 0.46 0.27]
 [0.23 0.54 0.23]
 [0.42 0.5  0.08]
 [0.44 0.41 0.15]
 [0.33 0.54 0.13]
 [0.34 0.53 0.13]],[4 4 4 4 4 4 4 4 4 4 4 4 4 4 4 4 4 4 4 4 4 4 4 4 4 4 4 4 4 4 4 4 4 4 4 4 4
 4 4 4 4 4 4 4 4 4 4 4 4 4 4 4 4 4 4 4 4 4 4 4 4 4 4 4 4 4 4 4 4 4 4 4 4 4
 4 4 4 4 4 4 4 4 4 4 4 4 4 4 4 4 4 4 4 4 4 4 4 4 4 4 4 4 4 4 4 4 4 4 4 4 4
 4 4 4 4 4 4 4 4 4 4 9 9 9 9 9 9 9 9 9 9 9 9 9 9 9 9 9 9 9 9 9 9 9 9 9 9 9
 9 9 9 9 9 9 9 9 9 9 9 9 9 9 9 9 9 9 9 9 9 9 9 9 9 9 9 9 9 9 9 9 9 9 9 9 9
 9 9 9 9 9 9 9 9 5 5 5 5 5 5 5 5 5 5 5 5 5 5 5 5 5 5 5 5 5 5 5 5 5 5 5 5 5
 5 5 5 5 5 5 5 5 5 5 5 5 5 5 5 5 5 5 5 5 5 5 5 5 5 5 5 5 5 5 5 5 5 5 5 5 5
 5]
[[0.5  0.41 0.09]
 [0.29 0.69 0.02]
 [0.6  0.   0.4 ]
 [0.87 0.05 0.08]
 [0.35 0.01 0.64]
 [0.3  0.01 0.69]
 [0.44 0.43 0.13]
 [0.3  0.   0.7 ]
 [0.33 0.55 0.12]
 [0.59 0.16 0.25]
 [0.42 0.5  0.08]
 [0.49 0.4  0.11]
 [0.23 0.   0.77]
 [0.65 0.   0.35]
 [0.65 0.01 0.34]
 [0.21 0.72 0.07]
 [0.73 0.19 0.08]
 [0.56 0.03 0.41]
 [0.38 0.56 0.06]
 [0.33 0.   0.67]
 [0.46 0.46 0.08]
 [0.65 0.   0.35]
 [0.22 0.71 0.07]
 [0.39 0.52 0.09]
 [0.34 0.01 0.65]
 [0.37 0.   0.63]
 [0.15 0.64 0.21]
 [0.63 0.   0.37]
 [0.41 0.54 0.05]
 [0.47 0.   0.53]
 [0.2  0.02 0.78]
 [0.64 0.01 0.35]
 [0.59 0.31 0.1 ]
 [0.43 0.47 0.1 ]
 [0.73 0.01 0.26]
 [0.15 0.02 0.83]
 [0.26 0.7  0.04]
 [0.41 0.52 0.07]
 [0.58 0.36 0.06]
 [0.26 0.71 0.03]
 [0.27 0.61 0.12]
 [0.66 0.   0.34]
 [0.52 0.31 0.17]
 [0.49 0.44 0.07]
 [0.66 0.16 0.18]
 [0.28 0.68 0.04]
 [0.37 0.   0.63]
 [0.29 0.61 0.1 ]
 [0.57 0.08 0.35]
 [0.66 0.   0.34]
 [0.65 0.16 0.19]
 [0.49 0.45 0.06]
 [0.73 0.01 0.26]
 [0.25 0.7  0.05]
 [0.67 0.   0.33]
 [0.89 0.04 0.07]
 [0.72 0.05 0.23]
 [0.21 0.72 0.07]
 [0.29 0.   0.71]
 [0.62 0.   0.38]
 [0.2  0.59 0.21]
 [0.32 0.02 0.66]
 [0.75 0.18 0.07]
 [0.63 0.16 0.21]
 [0.4  0.   0.6 ]
 [0.24 0.61 0.15]
 [0.65 0.01 0.34]
 [0.59 0.02 0.39]
 [0.34 0.55 0.11]
 [0.3  0.02 0.68]
 [0.64 0.   0.36]
 [0.57 0.4  0.03]
 [0.19 0.01 0.8 ]
 [0.84 0.13 0.03]
 [0.36 0.6  0.04]
 [0.21 0.   0.79]
 [0.64 0.08 0.28]
 [0.66 0.01 0.33]
 [0.42 0.51 0.07]
 [0.47 0.45 0.08]
 [0.32 0.56 0.12]
 [0.52 0.02 0.46]
 [0.31 0.   0.69]
 [0.41 0.53 0.06]
 [0.58 0.24 0.18]
 [0.44 0.36 0.2 ]
 [0.29 0.49 0.22]
 [0.65 0.21 0.14]
 [0.58 0.32 0.1 ]
 [0.56 0.3  0.14]
 [0.87 0.04 0.09]
 [0.24 0.72 0.04]
 [0.61 0.26 0.13]
 [0.33 0.55 0.12]
 [0.3  0.62 0.08]
 [0.4  0.   0.6 ]
 [0.54 0.16 0.3 ]
 [0.23 0.   0.77]
 [0.36 0.55 0.09]
 [0.47 0.48 0.05]
 [0.6  0.01 0.39]
 [0.68 0.26 0.06]
 [0.25 0.   0.75]
 [0.41 0.   0.59]
 [0.44 0.42 0.14]
 [0.9  0.03 0.07]
 [0.31 0.59 0.1 ]
 [0.57 0.37 0.06]
 [0.5  0.45 0.05]
 [0.42 0.48 0.1 ]
 [0.49 0.   0.51]
 [0.45 0.54 0.01]
 [0.23 0.   0.77]
 [0.63 0.   0.37]
 [0.38 0.51 0.11]
 [0.33 0.51 0.16]
 [0.29 0.64 0.07]
 [0.44 0.02 0.54]
 [0.36 0.   0.64]
 [0.62 0.05 0.33]
 [0.33 0.01 0.66]
 [0.22 0.   0.78]
 [0.45 0.02 0.53]
 [0.12 0.02 0.86]
 [0.11 0.01 0.88]
 [0.51 0.16 0.33]
 [0.12 0.82 0.06]
 [0.21 0.   0.79]
 [0.21 0.6  0.19]
 [0.22 0.03 0.75]
 [0.23 0.51 0.26]
 [0.29 0.58 0.13]
 [0.27 0.49 0.24]
 [0.31 0.58 0.11]
 [0.41 0.15 0.44]
 [0.58 0.02 0.4 ]
 [0.25 0.04 0.71]
 [0.16 0.03 0.81]
 [0.54 0.12 0.34]
 [0.27 0.55 0.18]
 [0.16 0.03 0.81]
 [0.21 0.62 0.17]
 [0.53 0.02 0.45]
 [0.23 0.   0.77]
 [0.24 0.6  0.16]
 [0.17 0.   0.83]
 [0.49 0.06 0.45]
 [0.33 0.02 0.65]
 [0.45 0.29 0.26]
 [0.22 0.65 0.13]
 [0.63 0.   0.37]
 [0.36 0.38 0.26]
 [0.31 0.02 0.67]
 [0.39 0.03 0.58]
 [0.4  0.01 0.59]
 [0.63 0.   0.37]
 [0.41 0.12 0.47]
 [0.52 0.23 0.25]
 [0.17 0.03 0.8 ]
 [0.43 0.42 0.15]
 [0.14 0.02 0.84]
 [0.19 0.01 0.8 ]
 [0.62 0.01 0.37]
 [0.24 0.6  0.16]
 [0.36 0.53 0.11]
 [0.65 0.   0.35]
 [0.32 0.   0.68]
 [0.6  0.22 0.18]
 [0.24 0.   0.76]
 [0.45 0.37 0.18]
 [0.18 0.02 0.8 ]
 [0.24 0.01 0.75]
 [0.6  0.01 0.39]
 [0.15 0.02 0.83]
 [0.47 0.34 0.19]
 [0.08 0.02 0.9 ]
 [0.5  0.28 0.22]
 [0.16 0.71 0.13]
 [0.54 0.02 0.44]
 [0.15 0.01 0.84]
 [0.33 0.58 0.09]
 [0.2  0.05 0.75]
 [0.19 0.71 0.1 ]
 [0.35 0.   0.65]
 [0.11 0.02 0.87]
 [0.27 0.   0.73]
 [0.6  0.01 0.39]
 [0.19 0.68 0.13]
 [0.44 0.29 0.27]
 [0.19 0.02 0.79]
 [0.2  0.01 0.79]
 [0.32 0.47 0.21]
 [0.2  0.66 0.14]
 [0.19 0.66 0.15]
 [0.1  0.03 0.87]
 [0.47 0.03 0.5 ]
 [0.3  0.47 0.23]
 [0.23 0.64 0.13]
 [0.48 0.07 0.45]
 [0.25 0.72 0.03]
 [0.09 0.82 0.09]
 [0.2  0.7  0.1 ]
 [0.13 0.82 0.05]
 [0.17 0.02 0.81]
 [0.27 0.63 0.1 ]
 [0.27 0.02 0.71]
 [0.19 0.76 0.05]
 [0.52 0.23 0.25]
 [0.19 0.6  0.21]
 [0.44 0.07 0.49]
 [0.47 0.39 0.14]
 [0.38 0.01 0.61]
 [0.16 0.75 0.09]
 [0.17 0.78 0.05]
 [0.1  0.7  0.2 ]
 [0.4  0.04 0.56]
 [0.5  0.04 0.46]
 [0.2  0.67 0.13]
 [0.12 0.82 0.06]
 [0.18 0.73 0.09]
 [0.37 0.45 0.18]
 [0.29 0.64 0.07]
 [0.19 0.66 0.15]
 [0.36 0.52 0.12]
 [0.29 0.01 0.7 ]
 [0.43 0.22 0.35]
 [0.21 0.69 0.1 ]
 [0.43 0.08 0.49]
 [0.38 0.   0.62]
 [0.46 0.35 0.19]
 [0.39 0.57 0.04]
 [0.18 0.01 0.81]
 [0.53 0.33 0.14]
 [0.27 0.63 0.1 ]
 [0.13 0.75 0.12]
 [0.24 0.01 0.75]
 [0.13 0.02 0.85]
 [0.19 0.75 0.06]
 [0.08 0.8  0.12]
 [0.16 0.79 0.05]
 [0.18 0.77 0.05]
 [0.19 0.75 0.06]
 [0.29 0.01 0.7 ]
 [0.36 0.52 0.12]
 [0.25 0.59 0.16]
 [0.2  0.01 0.79]
 [0.09 0.87 0.04]
 [0.09 0.86 0.05]
 [0.45 0.28 0.27]
 [0.31 0.42 0.27]
 [0.28 0.01 0.71]
 [0.48 0.09 0.43]
 [0.21 0.02 0.77]
 [0.12 0.77 0.11]
 [0.38 0.31 0.31]
 [0.11 0.59 0.3 ]
 [0.29 0.57 0.14]
 [0.23 0.66 0.11]
 [0.13 0.83 0.04]
 [0.21 0.74 0.05]],[4 4 4 4 4 4 4 4 4 4 4 4 4 4 4 4 4 4 4 4 4 4 4 4 4 4 4 4 4 4 4 4 4 4 4 4 4
 4 4 4 4 4 4 4 4 4 4 4 4 4 4 4 4 4 4 4 4 4 4 4 4 4 4 4 4 4 4 4 4 4 4 4 4 4
 4 4 4 4 4 4 4 4 4 4 4 4 4 4 4 4 4 4 4 4 4 4 4 4 4 4 4 4 4 4 4 4 4 4 4 4 4
 4 4 4 4 4 4 4 4 4 4 9 9 9 9 9 9 9 9 9 9 9 9 9 9 9 9 9 9 9 9 9 9 9 9 9 9 9
 9 9 9 9 9 9 9 9 9 9 9 9 9 9 9 9 9 9 9 9 9 9 9 9 9 9 9 9 9 9 9 9 9 9 9 9 9
 9 9 9 9 9 9 9 9 5 5 5 5 5 5 5 5 5 5 5 5 5 5 5 5 5 5 5 5 5 5 5 5 5 5 5 5 5
 5 5 5 5 5 5 5 5 5 5 5 5 5 5 5 5 5 5 5 5 5 5 5 5 5 5 5 5 5 5 5 5 5 5 5 5 5
 5]
[[0.71 0.16 0.13]
 [0.5  0.34 0.16]
 [0.47 0.11 0.42]
 [0.58 0.21 0.21]
 [0.51 0.09 0.4 ]
 [0.42 0.11 0.47]
 [0.55 0.15 0.3 ]
 [0.29 0.02 0.69]
 [0.58 0.22 0.2 ]
 [0.58 0.14 0.28]
 [0.73 0.14 0.13]
 [0.52 0.3  0.18]
 [0.21 0.17 0.62]
 [0.32 0.37 0.31]
 [0.38 0.13 0.49]
 [0.29 0.48 0.23]
 [0.67 0.16 0.17]
 [0.31 0.25 0.44]
 [0.59 0.14 0.27]
 [0.47 0.14 0.39]
 [0.67 0.15 0.18]
 [0.33 0.12 0.55]
 [0.38 0.43 0.19]
 [0.45 0.28 0.27]
 [0.38 0.14 0.48]
 [0.43 0.22 0.35]
 [0.3  0.38 0.32]
 [0.61 0.05 0.34]
 [0.57 0.32 0.11]
 [0.28 0.43 0.29]
 [0.35 0.1  0.55]
 [0.29 0.22 0.49]
 [0.65 0.18 0.17]
 [0.66 0.17 0.17]
 [0.39 0.19 0.42]
 [0.28 0.22 0.5 ]
 [0.45 0.43 0.12]
 [0.67 0.22 0.11]
 [0.79 0.07 0.14]
 [0.5  0.31 0.19]
 [0.38 0.38 0.24]
 [0.82 0.04 0.14]
 [0.09 0.63 0.28]
 [0.77 0.1  0.13]
 [0.55 0.19 0.26]
 [0.48 0.36 0.16]
 [0.31 0.2  0.49]
 [0.52 0.32 0.16]
 [0.2  0.55 0.25]
 [0.58 0.05 0.37]
 [0.47 0.35 0.18]
 [0.67 0.14 0.19]
 [0.48 0.31 0.21]
 [0.44 0.44 0.12]
 [0.44 0.16 0.4 ]
 [0.62 0.23 0.15]
 [0.45 0.42 0.13]
 [0.23 0.59 0.18]
 [0.3  0.11 0.59]
 [0.45 0.14 0.41]
 [0.3  0.39 0.31]
 [0.38 0.27 0.35]
 [0.76 0.11 0.13]
 [0.34 0.4  0.26]
 [0.54 0.16 0.3 ]
 [0.47 0.28 0.25]
 [0.49 0.13 0.38]
 [0.48 0.05 0.47]
 [0.57 0.31 0.12]
 [0.47 0.08 0.45]
 [0.41 0.08 0.51]
 [0.7  0.16 0.14]
 [0.32 0.22 0.46]
 [0.77 0.13 0.1 ]
 [0.61 0.2  0.19]
 [0.26 0.1  0.64]
 [0.44 0.26 0.3 ]
 [0.4  0.14 0.46]
 [0.62 0.24 0.14]
 [0.71 0.19 0.1 ]
 [0.57 0.2  0.23]
 [0.51 0.28 0.21]
 [0.39 0.45 0.16]
 [0.51 0.37 0.12]
 [0.23 0.36 0.41]
 [0.52 0.18 0.3 ]
 [0.57 0.18 0.25]
 [0.53 0.29 0.18]
 [0.78 0.15 0.07]
 [0.46 0.36 0.18]
 [0.55 0.32 0.13]
 [0.39 0.43 0.18]
 [0.81 0.1  0.09]
 [0.51 0.36 0.13]
 [0.4  0.46 0.14]
 [0.3  0.2  0.5 ]
 [0.49 0.3  0.21]
 [0.36 0.07 0.57]
 [0.55 0.21 0.24]
 [0.7  0.14 0.16]
 [0.73 0.03 0.24]
 [0.74 0.06 0.2 ]
 [0.33 0.14 0.53]
 [0.61 0.04 0.35]
 [0.24 0.43 0.33]
 [0.71 0.13 0.16]
 [0.45 0.36 0.19]
 [0.72 0.17 0.11]
 [0.65 0.16 0.19]
 [0.49 0.19 0.32]
 [0.45 0.24 0.31]
 [0.7  0.19 0.11]
 [0.27 0.34 0.39]
 [0.42 0.11 0.47]
 [0.69 0.16 0.15]
 [0.4  0.33 0.27]
 [0.54 0.33 0.13]
 [0.22 0.37 0.41]
 [0.41 0.08 0.51]
 [0.43 0.38 0.19]
 [0.33 0.42 0.25]
 [0.28 0.29 0.43]
 [0.31 0.3  0.39]
 [0.1  0.31 0.59]
 [0.16 0.32 0.52]
 [0.23 0.39 0.38]
 [0.23 0.47 0.3 ]
 [0.2  0.21 0.59]
 [0.26 0.38 0.36]
 [0.09 0.54 0.37]
 [0.24 0.27 0.49]
 [0.4  0.19 0.41]
 [0.41 0.39 0.2 ]
 [0.32 0.38 0.3 ]
 [0.26 0.31 0.43]
 [0.49 0.13 0.38]
 [0.15 0.63 0.22]
 [0.08 0.55 0.37]
 [0.36 0.27 0.37]
 [0.15 0.51 0.34]
 [0.02 0.62 0.36]
 [0.26 0.47 0.27]
 [0.36 0.3  0.34]
 [0.39 0.08 0.53]
 [0.28 0.34 0.38]
 [0.13 0.12 0.75]
 [0.27 0.33 0.4 ]
 [0.29 0.26 0.45]
 [0.2  0.45 0.35]
 [0.13 0.5  0.37]
 [0.82 0.02 0.16]
 [0.25 0.42 0.33]
 [0.31 0.23 0.46]
 [0.09 0.46 0.45]
 [0.49 0.17 0.34]
 [0.71 0.05 0.24]
 [0.11 0.66 0.23]
 [0.1  0.51 0.39]
 [0.11 0.58 0.31]
 [0.46 0.19 0.35]
 [0.08 0.35 0.57]
 [0.06 0.63 0.31]
 [0.28 0.17 0.55]
 [0.25 0.26 0.49]
 [0.44 0.19 0.37]
 [0.75 0.05 0.2 ]
 [0.4  0.15 0.45]
 [0.36 0.31 0.33]
 [0.33 0.04 0.63]
 [0.09 0.59 0.32]
 [0.23 0.23 0.54]
 [0.33 0.17 0.5 ]
 [0.46 0.09 0.45]
 [0.08 0.36 0.56]
 [0.53 0.07 0.4 ]
 [0.09 0.31 0.6 ]
 [0.28 0.3  0.42]
 [0.19 0.34 0.47]
 [0.21 0.55 0.24]
 [0.2  0.31 0.49]
 [0.35 0.23 0.42]
 [0.08 0.57 0.35]
 [0.29 0.42 0.29]
 [0.28 0.38 0.34]
 [0.06 0.38 0.56]
 [0.33 0.1  0.57]
 [0.32 0.23 0.45]
 [0.35 0.27 0.38]
 [0.09 0.45 0.46]
 [0.19 0.27 0.54]
 [0.2  0.38 0.42]
 [0.5  0.19 0.31]
 [0.14 0.41 0.45]
 [0.07 0.55 0.38]
 [0.06 0.59 0.35]
 [0.26 0.4  0.34]
 [0.15 0.68 0.17]
 [0.37 0.4  0.23]
 [0.17 0.61 0.22]
 [0.61 0.29 0.1 ]
 [0.23 0.59 0.18]
 [0.22 0.63 0.15]
 [0.21 0.44 0.35]
 [0.19 0.36 0.45]
 [0.48 0.39 0.13]
 [0.48 0.16 0.36]
 [0.27 0.45 0.28]
 [0.08 0.63 0.29]
 [0.28 0.27 0.45]
 [0.05 0.73 0.22]
 [0.06 0.8  0.14]
 [0.54 0.25 0.21]
 [0.23 0.64 0.13]
 [0.34 0.43 0.23]
 [0.18 0.48 0.34]
 [0.15 0.66 0.19]
 [0.3  0.51 0.19]
 [0.26 0.5  0.24]
 [0.18 0.56 0.26]
 [0.21 0.56 0.23]
 [0.33 0.5  0.17]
 [0.34 0.51 0.15]
 [0.18 0.68 0.14]
 [0.31 0.43 0.26]
 [0.48 0.19 0.33]
 [0.38 0.39 0.23]
 [0.28 0.58 0.14]
 [0.04 0.71 0.25]
 [0.35 0.32 0.33]
 [0.03 0.67 0.3 ]
 [0.69 0.25 0.06]
 [0.09 0.42 0.49]
 [0.65 0.12 0.23]
 [0.28 0.49 0.23]
 [0.21 0.42 0.37]
 [0.3  0.3  0.4 ]
 [0.06 0.65 0.29]
 [0.22 0.65 0.13]
 [0.2  0.56 0.24]
 [0.23 0.54 0.23]
 [0.26 0.49 0.25]
 [0.34 0.52 0.14]
 [0.28 0.2  0.52]
 [0.28 0.2  0.52]
 [0.2  0.55 0.25]
 [0.23 0.45 0.32]
 [0.18 0.57 0.25]
 [0.18 0.6  0.22]
 [0.05 0.71 0.24]
 [0.21 0.6  0.19]
 [0.18 0.39 0.43]
 [0.15 0.63 0.22]
 [0.18 0.66 0.16]
 [0.23 0.61 0.16]
 [0.24 0.54 0.22]
 [0.14 0.44 0.42]
 [0.46 0.2  0.34]
 [0.33 0.46 0.21]
 [0.22 0.65 0.13]
 [0.27 0.53 0.2 ]],[4 4 4 4 4 4 4 4 4 4 4 4 4 4 4 4 4 4 4 4 4 4 4 4 4 4 4 4 4 4 4 4 4 4 4 4 4
 4 4 4 4 4 4 4 4 4 4 4 4 4 4 4 4 4 4 4 4 4 4 4 4 4 4 4 4 4 4 4 4 4 4 4 4 4
 4 4 4 4 4 4 4 4 4 4 4 4 4 4 4 4 4 4 4 4 4 4 4 4 4 4 4 4 4 4 4 4 4 4 4 4 4
 4 4 4 4 4 4 4 4 4 4 9 9 9 9 9 9 9 9 9 9 9 9 9 9 9 9 9 9 9 9 9 9 9 9 9 9 9
 9 9 9 9 9 9 9 9 9 9 9 9 9 9 9 9 9 9 9 9 9 9 9 9 9 9 9 9 9 9 9 9 9 9 9 9 9
 9 9 9 9 9 9 9 9 5 5 5 5 5 5 5 5 5 5 5 5 5 5 5 5 5 5 5 5 5 5 5 5 5 5 5 5 5
 5 5 5 5 5 5 5 5 5 5 5 5 5 5 5 5 5 5 5 5 5 5 5 5 5 5 5 5 5 5 5 5 5 5 5 5 5
 5]
[[0.8  0.11 0.09]
 [0.65 0.27 0.08]
 [0.36 0.14 0.5 ]
 [0.82 0.03 0.15]
 [0.55 0.06 0.39]
 [0.59 0.06 0.35]
 [0.7  0.14 0.16]
 [0.5  0.07 0.43]
 [0.56 0.35 0.09]
 [0.54 0.11 0.35]
 [0.8  0.15 0.05]
 [0.65 0.24 0.11]
 [0.3  0.09 0.61]
 [0.51 0.18 0.31]
 [0.42 0.12 0.46]
 [0.42 0.44 0.14]
 [0.9  0.05 0.05]
 [0.42 0.11 0.47]
 [0.56 0.29 0.15]
 [0.47 0.16 0.37]
 [0.71 0.23 0.06]
 [0.47 0.11 0.42]
 [0.41 0.49 0.1 ]
 [0.59 0.27 0.14]
 [0.67 0.1  0.23]
 [0.42 0.15 0.43]
 [0.17 0.57 0.26]
 [0.3  0.19 0.51]
 [0.75 0.17 0.08]
 [0.4  0.3  0.3 ]
 [0.41 0.12 0.47]
 [0.43 0.17 0.4 ]
 [0.83 0.09 0.08]
 [0.71 0.19 0.1 ]
 [0.47 0.19 0.34]
 [0.27 0.1  0.63]
 [0.51 0.37 0.12]
 [0.85 0.11 0.04]
 [0.83 0.05 0.12]
 [0.69 0.27 0.04]
 [0.5  0.36 0.14]
 [0.37 0.13 0.5 ]
 [0.11 0.56 0.33]
 [0.76 0.16 0.08]
 [0.52 0.19 0.29]
 [0.55 0.35 0.1 ]
 [0.67 0.02 0.31]
 [0.52 0.36 0.12]
 [0.37 0.27 0.36]
 [0.29 0.19 0.52]
 [0.59 0.17 0.24]
 [0.65 0.24 0.11]
 [0.67 0.16 0.17]
 [0.54 0.34 0.12]
 [0.64 0.1  0.26]
 [0.78 0.15 0.07]
 [0.58 0.26 0.16]
 [0.43 0.43 0.14]
 [0.55 0.13 0.32]
 [0.57 0.07 0.36]
 [0.34 0.42 0.24]
 [0.4  0.24 0.36]
 [0.83 0.08 0.09]
 [0.47 0.28 0.25]
 [0.58 0.06 0.36]
 [0.57 0.24 0.19]
 [0.29 0.18 0.53]
 [0.27 0.09 0.64]
 [0.72 0.2  0.08]
 [0.55 0.08 0.37]
 [0.52 0.1  0.38]
 [0.78 0.15 0.07]
 [0.26 0.17 0.57]
 [0.88 0.07 0.05]
 [0.66 0.28 0.06]
 [0.46 0.01 0.53]
 [0.59 0.12 0.29]
 [0.41 0.2  0.39]
 [0.65 0.24 0.11]
 [0.74 0.17 0.09]
 [0.58 0.25 0.17]
 [0.5  0.16 0.34]
 [0.43 0.29 0.28]
 [0.68 0.24 0.08]
 [0.31 0.36 0.33]
 [0.4  0.24 0.36]
 [0.39 0.51 0.1 ]
 [0.54 0.3  0.16]
 [0.73 0.2  0.07]
 [0.58 0.25 0.17]
 [0.76 0.15 0.09]
 [0.53 0.39 0.08]
 [0.85 0.08 0.07]
 [0.45 0.41 0.14]
 [0.47 0.41 0.12]
 [0.31 0.19 0.5 ]
 [0.52 0.26 0.22]
 [0.43 0.07 0.5 ]
 [0.51 0.25 0.24]
 [0.75 0.08 0.17]
 [0.31 0.08 0.61]
 [0.87 0.09 0.04]
 [0.37 0.09 0.54]
 [0.63 0.09 0.28]
 [0.31 0.38 0.31]
 [0.82 0.06 0.12]
 [0.54 0.35 0.11]
 [0.81 0.11 0.08]
 [0.79 0.13 0.08]
 [0.62 0.17 0.21]
 [0.51 0.15 0.34]
 [0.76 0.14 0.1 ]
 [0.34 0.17 0.49]
 [0.57 0.13 0.3 ]
 [0.65 0.23 0.12]
 [0.42 0.4  0.18]
 [0.54 0.32 0.14]
 [0.34 0.13 0.53]
 [0.7  0.04 0.26]
 [0.6  0.21 0.19]
 [0.5  0.19 0.31]
 [0.35 0.05 0.6 ]
 [0.48 0.11 0.41]
 [0.12 0.18 0.7 ]
 [0.17 0.18 0.65]
 [0.37 0.35 0.28]
 [0.18 0.68 0.14]
 [0.29 0.12 0.59]
 [0.23 0.44 0.33]
 [0.12 0.28 0.6 ]
 [0.24 0.36 0.4 ]
 [0.29 0.29 0.42]
 [0.29 0.43 0.28]
 [0.23 0.5  0.27]
 [0.48 0.27 0.25]
 [0.25 0.14 0.61]
 [0.17 0.43 0.4 ]
 [0.09 0.24 0.67]
 [0.34 0.22 0.44]
 [0.1  0.53 0.37]
 [0.09 0.23 0.68]
 [0.19 0.64 0.17]
 [0.45 0.13 0.42]
 [0.4  0.05 0.55]
 [0.34 0.5  0.16]
 [0.26 0.03 0.71]
 [0.34 0.21 0.45]
 [0.36 0.11 0.53]
 [0.26 0.32 0.42]
 [0.08 0.75 0.17]
 [0.34 0.09 0.57]
 [0.33 0.48 0.19]
 [0.36 0.19 0.45]
 [0.17 0.22 0.61]
 [0.22 0.14 0.64]
 [0.35 0.17 0.48]
 [0.23 0.31 0.46]
 [0.28 0.33 0.39]
 [0.09 0.36 0.55]
 [0.49 0.24 0.27]
 [0.14 0.08 0.78]
 [0.04 0.27 0.69]
 [0.48 0.11 0.41]
 [0.17 0.37 0.46]
 [0.43 0.24 0.33]
 [0.37 0.1  0.53]
 [0.37 0.04 0.59]
 [0.38 0.17 0.45]
 [0.4  0.03 0.57]
 [0.16 0.46 0.38]
 [0.31 0.09 0.6 ]
 [0.25 0.2  0.55]
 [0.28 0.17 0.55]
 [0.11 0.15 0.74]
 [0.47 0.18 0.35]
 [0.09 0.11 0.8 ]
 [0.24 0.4  0.36]
 [0.23 0.57 0.2 ]
 [0.41 0.25 0.34]
 [0.24 0.11 0.65]
 [0.42 0.32 0.26]
 [0.09 0.42 0.49]
 [0.41 0.42 0.17]
 [0.24 0.35 0.41]
 [0.09 0.13 0.78]
 [0.28 0.12 0.6 ]
 [0.32 0.2  0.48]
 [0.29 0.36 0.35]
 [0.16 0.48 0.36]
 [0.31 0.23 0.46]
 [0.23 0.15 0.62]
 [0.44 0.27 0.29]
 [0.16 0.52 0.32]
 [0.07 0.76 0.17]
 [0.09 0.14 0.77]
 [0.33 0.28 0.39]
 [0.18 0.75 0.07]
 [0.48 0.42 0.1 ]
 [0.19 0.56 0.25]
 [0.56 0.36 0.08]
 [0.17 0.75 0.08]
 [0.25 0.59 0.16]
 [0.11 0.74 0.15]
 [0.18 0.05 0.77]
 [0.34 0.53 0.13]
 [0.49 0.07 0.44]
 [0.25 0.58 0.17]
 [0.18 0.59 0.23]
 [0.26 0.45 0.29]
 [0.16 0.54 0.3 ]
 [0.16 0.74 0.1 ]
 [0.26 0.38 0.36]
 [0.15 0.77 0.08]
 [0.37 0.54 0.09]
 [0.19 0.57 0.24]
 [0.2  0.44 0.36]
 [0.34 0.32 0.34]
 [0.31 0.56 0.13]
 [0.13 0.74 0.13]
 [0.18 0.62 0.2 ]
 [0.27 0.56 0.17]
 [0.31 0.58 0.11]
 [0.12 0.77 0.11]
 [0.19 0.69 0.12]
 [0.46 0.12 0.42]
 [0.21 0.58 0.21]
 [0.22 0.67 0.11]
 [0.18 0.36 0.46]
 [0.3  0.27 0.43]
 [0.12 0.54 0.34]
 [0.71 0.21 0.08]
 [0.09 0.18 0.73]
 [0.7  0.15 0.15]
 [0.39 0.49 0.12]
 [0.16 0.62 0.22]
 [0.18 0.27 0.55]
 [0.06 0.31 0.63]
 [0.15 0.74 0.11]
 [0.12 0.69 0.19]
 [0.18 0.71 0.11]
 [0.15 0.68 0.17]
 [0.25 0.66 0.09]
 [0.52 0.12 0.36]
 [0.26 0.25 0.49]
 [0.11 0.71 0.18]
 [0.27 0.33 0.4 ]
 [0.03 0.88 0.09]
 [0.05 0.86 0.09]
 [0.23 0.46 0.31]
 [0.12 0.71 0.17]
 [0.16 0.24 0.6 ]
 [0.13 0.61 0.26]
 [0.14 0.39 0.47]
 [0.11 0.8  0.09]
 [0.21 0.63 0.16]
 [0.12 0.5  0.38]
 [0.44 0.3  0.26]
 [0.22 0.66 0.12]
 [0.17 0.74 0.09]
 [0.25 0.65 0.1 ]],[4 4 4 4 4 4 4 4 4 4 4 4 4 4 4 4 4 4 4 4 4 4 4 4 4 4 4 4 4 4 4 4 4 4 4 4 4
 4 4 4 4 4 4 4 4 4 4 4 4 4 4 4 4 4 4 4 4 4 4 4 4 4 4 4 4 4 4 4 4 4 4 4 4 4
 4 4 4 4 4 4 4 4 4 4 4 4 4 4 4 4 4 4 4 4 4 4 4 4 4 4 4 4 4 4 4 4 4 4 4 4 4
 4 4 4 4 4 4 4 4 4 4 9 9 9 9 9 9 9 9 9 9 9 9 9 9 9 9 9 9 9 9 9 9 9 9 9 9 9
 9 9 9 9 9 9 9 9 9 9 9 9 9 9 9 9 9 9 9 9 9 9 9 9 9 9 9 9 9 9 9 9 9 9 9 9 9
 9 9 9 9 9 9 9 9 5 5 5 5 5 5 5 5 5 5 5 5 5 5 5 5 5 5 5 5 5 5 5 5 5 5 5 5 5
 5 5 5 5 5 5 5 5 5 5 5 5 5 5 5 5 5 5 5 5 5 5 5 5 5 5 5 5 5 5 5 5 5 5 5 5 5
 5]
[[0.78       0.12       0.1       ]
 [0.54       0.38       0.08      ]
 [0.49       0.18       0.33      ]
 [0.83       0.05       0.12      ]
 [0.58       0.03       0.39      ]
 [0.71       0.1        0.19      ]
 [0.77       0.09       0.14      ]
 [0.39       0.0302439  0.5797561 ]
 [0.68       0.22       0.1       ]
 [0.58       0.06       0.36      ]
 [0.79       0.14       0.07      ]
 [0.54       0.28       0.18      ]
 [0.16285714 0.1002439  0.73689895]
 [0.54       0.18       0.28      ]
 [0.53285714 0.16       0.30714286]
 [0.31       0.52       0.17      ]
 [0.86       0.04       0.1       ]
 [0.5        0.11       0.39      ]
 [0.56       0.13       0.31      ]
 [0.525      0.1225     0.3525    ]
 [0.76       0.19       0.05      ]
 [0.7        0.14       0.16      ]
 [0.27       0.595      0.135     ]
 [0.56       0.27       0.17      ]
 [0.69285714 0.14       0.16714286]
 [0.62       0.11       0.27      ]
 [0.16       0.51       0.33      ]
 [0.47       0.15       0.38      ]
 [0.73       0.19       0.08      ]
 [0.415      0.2227439  0.3622561 ]
 [0.53       0.1002439  0.3697561 ]
 [0.34       0.19       0.47      ]
 [0.81       0.18       0.01      ]
 [0.82       0.11       0.07      ]
 [0.58       0.21       0.21      ]
 [0.3        0.13       0.57      ]
 [0.59       0.29       0.12      ]
 [0.84       0.12       0.04      ]
 [0.88       0.06       0.06      ]
 [0.65       0.27       0.08      ]
 [0.54       0.31       0.15      ]
 [0.71       0.11       0.18      ]
 [0.11       0.4402439  0.4497561 ]
 [0.82       0.11       0.07      ]
 [0.49       0.07       0.44      ]
 [0.58       0.28       0.14      ]
 [0.62285714 0.04       0.33714286]
 [0.57       0.24       0.19      ]
 [0.46       0.22       0.32      ]
 [0.53       0.19       0.28      ]
 [0.575      0.2425     0.1825    ]
 [0.71       0.15       0.14      ]
 [0.77       0.1        0.13      ]
 [0.48       0.43       0.09      ]
 [0.7        0.09       0.21      ]
 [0.795      0.1425     0.0625    ]
 [0.64       0.22       0.14      ]
 [0.24       0.59       0.17      ]
 [0.34       0.11       0.55      ]
 [0.73       0.1        0.17      ]
 [0.52       0.22666667 0.25333333]
 [0.47285714 0.25       0.27714286]
 [0.8        0.09       0.11      ]
 [0.37       0.35       0.28      ]
 [0.70285714 0.08       0.21714286]
 [0.45       0.28       0.27      ]
 [0.53       0.14       0.33      ]
 [0.34       0.17       0.49      ]
 [0.71       0.23       0.06      ]
 [0.56       0.02       0.42      ]
 [0.5        0.12       0.38      ]
 [0.78       0.15       0.07      ]
 [0.245      0.1225     0.6325    ]
 [0.83       0.1        0.07      ]
 [0.795      0.1225     0.0825    ]
 [0.57       0.0302439  0.3997561 ]
 [0.61       0.11       0.28      ]
 [0.51       0.23       0.26      ]
 [0.66       0.24       0.1       ]
 [0.85       0.1        0.05      ]
 [0.58       0.2        0.22      ]
 [0.58       0.13       0.29      ]
 [0.38785714 0.3625     0.24964286]
 [0.68       0.215      0.105     ]
 [0.29       0.32       0.39      ]
 [0.54       0.12       0.34      ]
 [0.4        0.43       0.17      ]
 [0.58       0.21       0.21      ]
 [0.83       0.1        0.07      ]
 [0.43       0.32       0.25      ]
 [0.8        0.14       0.06      ]
 [0.33       0.52       0.15      ]
 [0.82       0.17       0.01      ]
 [0.525      0.34916667 0.12583333]
 [0.4        0.38       0.22      ]
 [0.4        0.12       0.48      ]
 [0.475      0.2225     0.3025    ]
 [0.48       0.06       0.46      ]
 [0.57       0.18       0.25      ]
 [0.81       0.11       0.08      ]
 [0.7        0.14       0.16      ]
 [0.83       0.08       0.09      ]
 [0.43       0.1002439  0.4697561 ]
 [0.72       0.08       0.2       ]
 [0.19       0.3902439  0.4197561 ]
 [0.88       0.06       0.06      ]
 [0.53       0.31       0.16      ]
 [0.9        0.07       0.03      ]
 [0.74       0.135      0.125     ]
 [0.68       0.15       0.17      ]
 [0.67       0.1        0.23      ]
 [0.68       0.21       0.11      ]
 [0.315      0.1627439  0.5222561 ]
 [0.65       0.08       0.27      ]
 [0.8        0.1        0.1       ]
 [0.43       0.35       0.22      ]
 [0.63       0.29       0.08      ]
 [0.47       0.13       0.4       ]
 [0.68       0.02       0.3       ]
 [0.615      0.2625     0.1225    ]
 [0.415      0.2725     0.3125    ]
 [0.385      0.0977439  0.5172561 ]
 [0.52       0.12       0.36      ]
 [0.08       0.1102439  0.8097561 ]
 [0.195      0.1827439  0.6222561 ]
 [0.31       0.2        0.49      ]
 [0.12       0.71       0.17      ]
 [0.22       0.1602439  0.6197561 ]
 [0.22       0.36       0.42      ]
 [0.1        0.2202439  0.6797561 ]
 [0.33       0.17       0.5       ]
 [0.32       0.17       0.51      ]
 [0.43       0.32       0.25      ]
 [0.23       0.49       0.28      ]
 [0.295      0.2325     0.4725    ]
 [0.28       0.23       0.49      ]
 [0.11285714 0.53       0.35714286]
 [0.08       0.33       0.59      ]
 [0.33       0.1        0.57      ]
 [0.09       0.44691057 0.46308943]
 [0.06       0.1702439  0.7697561 ]
 [0.1        0.66       0.24      ]
 [0.58       0.08       0.34      ]
 [0.45       0.0902439  0.4597561 ]
 [0.24       0.54       0.22      ]
 [0.2        0.0402439  0.7597561 ]
 [0.44       0.06       0.5       ]
 [0.345      0.0925     0.5625    ]
 [0.27       0.3002439  0.4297561 ]
 [0.05       0.72       0.23      ]
 [0.79       0.07       0.14      ]
 [0.26       0.43       0.31      ]
 [0.315      0.2525     0.4325    ]
 [0.27       0.1802439  0.5497561 ]
 [0.32       0.16       0.52      ]
 [0.48       0.18       0.34      ]
 [0.25       0.2502439  0.4997561 ]
 [0.21       0.3102439  0.4797561 ]
 [0.15       0.3        0.55      ]
 [0.5        0.23       0.27      ]
 [0.11285714 0.105      0.78214286]
 [0.07       0.2202439  0.7097561 ]
 [0.65       0.15       0.2       ]
 [0.25       0.19       0.56      ]
 [0.61       0.14       0.25      ]
 [0.57       0.14       0.29      ]
 [0.49       0.04       0.47      ]
 [0.44       0.13       0.43      ]
 [0.39       0.02       0.59      ]
 [0.09       0.495      0.415     ]
 [0.39       0.105      0.505     ]
 [0.33       0.14       0.53      ]
 [0.32       0.19       0.49      ]
 [0.08       0.13       0.79      ]
 [0.4        0.15       0.45      ]
 [0.15       0.1502439  0.6997561 ]
 [0.36       0.3502439  0.2897561 ]
 [0.16       0.54       0.3       ]
 [0.34285714 0.2702439  0.38689895]
 [0.21       0.2        0.59      ]
 [0.4        0.24       0.36      ]
 [0.1        0.5        0.4       ]
 [0.27       0.5        0.23      ]
 [0.235      0.4625     0.3025    ]
 [0.07285714 0.18       0.74714286]
 [0.35       0.0702439  0.5797561 ]
 [0.26       0.31       0.43      ]
 [0.35       0.2        0.45      ]
 [0.13       0.31       0.56      ]
 [0.27       0.25       0.48      ]
 [0.315      0.1525     0.5325    ]
 [0.41       0.29       0.3       ]
 [0.14       0.3602439  0.4997561 ]
 [0.04       0.71       0.25      ]
 [0.035      0.25941057 0.70558943]
 [0.31       0.16       0.53      ]
 [0.12       0.74       0.14      ]
 [0.5        0.47       0.03      ]
 [0.23       0.54       0.23      ]
 [0.62       0.28       0.1       ]
 [0.11       0.79       0.1       ]
 [0.17       0.6        0.23      ]
 [0.08       0.76       0.16      ]
 [0.25285714 0.11       0.63714286]
 [0.39       0.46       0.15      ]
 [0.695      0.0625     0.2425    ]
 [0.22       0.59       0.19      ]
 [0.17       0.4652439  0.3647561 ]
 [0.21       0.29       0.5       ]
 [0.14       0.51       0.35      ]
 [0.06       0.815      0.125     ]
 [0.36       0.3        0.34      ]
 [0.08       0.89       0.03      ]
 [0.28       0.63       0.09      ]
 [0.09       0.595      0.315     ]
 [0.17       0.51       0.32      ]
 [0.41       0.3302439  0.2597561 ]
 [0.22       0.59       0.19      ]
 [0.04       0.89       0.07      ]
 [0.25       0.52       0.23      ]
 [0.25       0.66       0.09      ]
 [0.33       0.58       0.09      ]
 [0.11       0.76       0.13      ]
 [0.32       0.52       0.16      ]
 [0.49285714 0.14       0.36714286]
 [0.2        0.5        0.3       ]
 [0.14       0.73666667 0.12333333]
 [0.17       0.35691057 0.47308943]
 [0.275      0.2825     0.4425    ]
 [0.1        0.4452439  0.4547561 ]
 [0.82       0.14       0.04      ]
 [0.09       0.2702439  0.6397561 ]
 [0.66       0.08       0.26      ]
 [0.22       0.63       0.15      ]
 [0.12       0.69       0.19      ]
 [0.3        0.18       0.52      ]
 [0.075      0.3827439  0.5422561 ]
 [0.13       0.77       0.1       ]
 [0.14       0.69       0.17      ]
 [0.08       0.82       0.1       ]
 [0.16       0.61       0.23      ]
 [0.11       0.82       0.07      ]
 [0.42785714 0.1325     0.43964286]
 [0.29       0.25       0.46      ]
 [0.16       0.76       0.08      ]
 [0.16       0.42       0.42      ]
 [0.01       0.94       0.05      ]
 [0.06       0.89       0.05      ]
 [0.07       0.4502439  0.4797561 ]
 [0.09       0.68       0.23      ]
 [0.17       0.27       0.56      ]
 [0.19       0.42       0.39      ]
 [0.175      0.50916667 0.31583333]
 [0.1        0.81       0.09      ]
 [0.21       0.58       0.21      ]
 [0.08       0.4102439  0.5097561 ]
 [0.33       0.35       0.32      ]
 [0.23       0.61       0.16      ]
 [0.13       0.79       0.08      ]
 [0.17       0.75       0.08      ]],[4 4 4 4 4 4 4 4 4 4 4 4 4 4 4 4 4 4 4 4 4 4 4 4 4 4 4 4 4 4 4 4 4 4 4 4 4
 4 4 4 4 4 4 4 4 4 4 4 4 4 4 4 4 4 4 4 4 4 4 4 4 4 4 4 4 4 4 4 4 4 4 4 4 4
 4 4 4 4 4 4 4 4 4 4 4 4 4 4 4 4 4 4 4 4 4 4 4 4 4 4 4 4 4 4 4 4 4 4 4 4 4
 4 4 4 4 4 4 4 4 4 4 9 9 9 9 9 9 9 9 9 9 9 9 9 9 9 9 9 9 9 9 9 9 9 9 9 9 9
 9 9 9 9 9 9 9 9 9 9 9 9 9 9 9 9 9 9 9 9 9 9 9 9 9 9 9 9 9 9 9 9 9 9 9 9 9
 9 9 9 9 9 9 9 9 5 5 5 5 5 5 5 5 5 5 5 5 5 5 5 5 5 5 5 5 5 5 5 5 5 5 5 5 5
 5 5 5 5 5 5 5 5 5 5 5 5 5 5 5 5 5 5 5 5 5 5 5 5 5 5 5 5 5 5 5 5 5 5 5 5 5
 5]
[[0.87       0.07       0.06      ]
 [0.62       0.26       0.12      ]
 [0.61       0.16882353 0.22117647]
 [0.95       0.01       0.04      ]
 [0.51020833 0.02989583 0.45989583]
 [0.57020833 0.03989583 0.38989583]
 [0.67       0.12       0.21      ]
 [0.4075     0.0225     0.57      ]
 [0.68       0.22980769 0.09019231]
 [0.51       0.11       0.38      ]
 [0.85       0.1        0.05      ]
 [0.62       0.21980769 0.16019231]
 [0.20770833 0.05270833 0.73958333]
 [0.6275     0.1225     0.25      ]
 [0.77       0.1        0.13      ]
 [0.47       0.36       0.17      ]
 [0.85       0.04       0.11      ]
 [0.54       0.13       0.33      ]
 [0.48       0.18980769 0.33019231]
 [0.4625     0.0825     0.455     ]
 [0.71       0.26       0.03      ]
 [0.79       0.11       0.1       ]
 [0.33       0.55       0.12      ]
 [0.55       0.24       0.21      ]
 [0.58       0.1096875  0.3103125 ]
 [0.6        0.2        0.2       ]
 [0.16       0.38       0.46      ]
 [0.53       0.13       0.34      ]
 [0.78       0.16       0.06      ]
 [0.46       0.14       0.4       ]
 [0.438      0.12       0.442     ]
 [0.71       0.17       0.12      ]
 [0.84       0.1        0.06      ]
 [0.7        0.16980769 0.13019231]
 [0.74       0.16       0.1       ]
 [0.19801603 0.10347756 0.69850641]
 [0.52       0.43       0.05      ]
 [0.86       0.09       0.05      ]
 [0.94       0.04       0.02      ]
 [0.68       0.25       0.07      ]
 [0.56       0.27       0.17      ]
 [0.53       0.15       0.32      ]
 [0.09       0.34076007 0.56923993]
 [0.81       0.14980769 0.04019231]
 [0.58       0.09       0.33      ]
 [0.68       0.27       0.05      ]
 [0.58770833 0.05270833 0.35958333]
 [0.54       0.25       0.21      ]
 [0.29814286 0.26142857 0.44042857]
 [0.71       0.05       0.24      ]
 [0.61       0.19       0.2       ]
 [0.71       0.17       0.12      ]
 [0.73       0.09       0.18      ]
 [0.51       0.4        0.09      ]
 [0.84       0.1        0.06      ]
 [0.84       0.09       0.07      ]
 [0.72       0.1        0.18      ]
 [0.34       0.49980769 0.16019231]
 [0.5075     0.0621875  0.4303125 ]
 [0.65       0.08       0.27      ]
 [0.41       0.34       0.25      ]
 [0.37       0.24095238 0.38904762]
 [0.83       0.07       0.1       ]
 [0.49666667 0.26       0.24333333]
 [0.65       0.11       0.24      ]
 [0.51       0.23       0.26      ]
 [0.59       0.11       0.3       ]
 [0.46       0.09       0.45      ]
 [0.73       0.18       0.09      ]
 [0.48230769 0.06045673 0.45723558]
 [0.8        0.09       0.11      ]
 [0.86       0.09       0.05      ]
 [0.24770833 0.204375   0.54791667]
 [0.88       0.07       0.05      ]
 [0.77       0.17       0.06      ]
 [0.40001603 0.04347756 0.55650641]
 [0.51       0.09       0.4       ]
 [0.84       0.09       0.07      ]
 [0.71       0.24       0.05      ]
 [0.87       0.11       0.02      ]
 [0.43       0.25980769 0.31019231]
 [0.46       0.1096875  0.4303125 ]
 [0.37       0.33851103 0.29148897]
 [0.75       0.2        0.05      ]
 [0.32       0.28       0.4       ]
 [0.49       0.21       0.3       ]
 [0.43       0.42980769 0.14019231]
 [0.66       0.18       0.16      ]
 [0.86       0.1        0.04      ]
 [0.48       0.34       0.18      ]
 [0.83       0.09       0.08      ]
 [0.38       0.43       0.19      ]
 [0.91       0.04       0.05      ]
 [0.45       0.47       0.08      ]
 [0.48       0.36       0.16      ]
 [0.4075     0.1525     0.44      ]
 [0.445      0.23       0.325     ]
 [0.35445055 0.0821978  0.56335165]
 [0.56       0.15       0.29      ]
 [0.89       0.03       0.08      ]
 [0.65       0.09       0.26      ]
 [0.86       0.07       0.07      ]
 [0.34230769 0.07076923 0.58692308]
 [0.73       0.06       0.21      ]
 [0.26       0.39980769 0.34019231]
 [0.92       0.02       0.06      ]
 [0.47       0.38       0.15      ]
